Some((
    red: 0.9019608,
    green: 0.49411765,
    blue: 0.5019608,
))