Some((
    red: 0.9019608,
    green: 0.59607846,
    blue: 0.45882353,
))