Some((
    red: 0.6156863,
    green: 0.6627451,
    blue: 0.627451,
))