Some((
    red: 0.23921569,
    green: 0.28235295,
    blue: 0.3019608,
    alpha: 1.0,
))